-1.411345350890514055e+03
-1.737420076716090534e+03
-1.364538826156510368e+03
-1.598338578785856043e+03
-1.721936253915584984e+03
-1.342116634725681024e+03
-1.638273862209852950e+03
-1.744844965916272031e+03
-1.699815814311512213e+03
-1.865366995251984690e+03
-1.727835799415472820e+03
-1.042768372274085777e+03
-1.281700285453050583e+03
-1.235602871144103119e+03
-9.568254134015513728e+02
-1.735589985210678151e+03
-1.567582121611457296e+03
-1.295948458042681295e+03
-1.352048500221209679e+03
-1.210768989292432479e+03
-1.340577179438663734e+03
-1.355990446685118059e+03
-1.105782680997165016e+03
-1.336127977821577133e+03
-1.760517749029775132e+03
-1.187201343083577967e+03
-1.266860536519753623e+03
-1.813721327836871978e+03
-1.785887979056217546e+03
-1.623114047644593029e+03
-1.189617117328066342e+03
-1.162741639554599715e+03
-1.667764607103370054e+03
-1.354059592472931172e+03
-1.459609837724280851e+03
-1.425355740577962251e+03
-1.457811660211878007e+03
-1.794967194794965963e+03
-1.294740601325156604e+03
-1.149712046686861868e+03
-1.336697842559166247e+03
-1.482714367022660326e+03
-1.307566665621685843e+03
-1.476892457278964685e+03
-1.302580081261361101e+03
-1.808168621467688354e+03
-1.640492156267627252e+03
-1.406948450980132066e+03
-1.256123036070685657e+03
-1.470455691181864040e+03
-1.516487294675170688e+03
-1.353351227810012460e+03
-1.631723654071441615e+03
-1.545263776384893845e+03
-1.077474137266682419e+03
-1.867630571267349296e+03
-1.492950808884166463e+03
-1.648409714287005500e+03
-1.137851601227351011e+03
-1.055647225071784078e+03
-1.304478836397547866e+03
-1.304751574234881673e+03
-9.635773260999637841e+02
-1.453222959246862501e+03
-1.409057943105923187e+03
-1.275769660307022377e+03
-1.485774897888279384e+03
-1.322826847098025155e+03
-1.357038776745981977e+03
-1.500414142919324149e+03
-1.500100054733579100e+03
-1.489202630917574197e+03
-1.240166619479951123e+03
-1.317506176984330750e+03
-1.160075556527899380e+03
-1.533191712511987816e+03
-1.500402734057944144e+03
-1.228697315101062259e+03
-1.396141405329603458e+03
-1.319427903890928746e+03
-1.360280293639938918e+03
-1.381987546133640308e+03
-1.529702766252757783e+03
-1.496735534951541240e+03
-1.541725847573351302e+03
-1.292362310404281516e+03
-1.487326394759613549e+03
-1.307200829140196674e+03
-1.477976164883268439e+03
-1.486845573058305035e+03
-1.493676249788199812e+03
-1.488171606487470626e+03
-1.394825471959380366e+03
-1.482947572886627768e+03
-1.401251094941103702e+03
-1.465514635926351275e+03
-1.347743084708208698e+03
-1.486233289559782179e+03
-1.519007400484212440e+03
-1.349384611243880045e+03
-1.465710836547331155e+03
-1.482991511351476447e+03
-1.281699280586890836e+03
-1.340391153390643467e+03
-1.393442485627457700e+03
-1.482424131345816932e+03
-1.368771409402185782e+03
-1.346856870320737698e+03
-1.432909299356746942e+03
-1.458673837635598829e+03
-1.377024153267745760e+03
-1.381812993810131275e+03
-1.444790888365951560e+03
-1.434037820962074420e+03
-1.458561843690543355e+03
-1.476068511655337261e+03
-1.322654908908492644e+03
-1.424078471017272477e+03
-1.359811870823925119e+03
-1.522650565618642986e+03
-1.379580028070233993e+03
-1.482455383911191348e+03
-1.372678195460324105e+03
-1.471704279409500032e+03
-1.344018653212884374e+03
-1.376821523459424498e+03
-1.415052356807054821e+03
-1.368222867153093148e+03
-1.344150662348529295e+03
-1.458108078730160742e+03
-1.186089793998149162e+03
-1.321164884071049300e+03
-1.477240675574746092e+03
-1.521189937000408463e+03
-1.490065428108817059e+03
-1.484780979099062051e+03
-1.197795878677972269e+03
-1.462100645011679717e+03
-1.162672198340400655e+03
-1.141603729910514176e+03
-1.482887115311513980e+03
-1.182230830137391195e+03
-1.489043348581520604e+03
-1.353573751420948156e+03
-1.238925283947595290e+03
-1.198275782789859477e+03
-1.141828394707442612e+03
-1.471829262482898457e+03
-1.405424013455331306e+03
-1.063632488617621675e+03
-1.408836437835631614e+03
-1.451277126310396852e+03
-1.334642418888950033e+03
-1.495398477924092049e+03
-1.157122360783910381e+03
-1.117564150235927627e+03
-1.203633632031652724e+03
-1.415344739801459809e+03
-1.484317613334006637e+03
-1.169945631285955869e+03
-1.310892284533072598e+03
-1.052384635937548182e+03
-1.233908269709409296e+03
-1.497473925723568072e+03
-1.185300050029496106e+03
-1.471746787258012318e+03
-1.314935352947687761e+03
-1.367478543568285886e+03
-1.153278989658431101e+03
-1.055797341365101147e+03
-1.471222471472813822e+03
-1.052396211343172126e+03
-1.459705378799924802e+03
-1.285118626246178337e+03
-1.488150231890833538e+03
-1.359719636875327751e+03
-1.439462695763025522e+03
-1.319609679641275989e+03
-1.384225161211511931e+03
-1.157187573560754117e+03
-1.166733772251904384e+03
-1.394844181344638628e+03
-1.399630759436831795e+03
-1.418849180045670664e+03
-1.038075113066780887e+03
-1.476731806215093911e+03
-1.440732726003628386e+03
-1.420343724016301394e+03
-1.378839713535302280e+03
-1.437481327684784674e+03
-1.440054625829950510e+03
-1.281250320062374840e+03
-1.217749653993259471e+03
-1.135453224509064057e+03
-1.307424530507153804e+03
-1.248237654735542037e+03
-1.040698161215412256e+03
-1.140305002881341579e+03
-1.243496894365269782e+03
-1.242350736146298232e+03
-1.394462267981574769e+03
-1.227604084673248053e+03
-1.135939621575769252e+03
-1.348048867368508809e+03
-1.196793657499121082e+03
-1.432904615462435913e+03
-1.049501378938668950e+03
-1.213790534529225397e+03
-1.212039598327135081e+03
-1.176882973655198839e+03
-1.244818267816766365e+03
-1.246864274192713992e+03
-1.412917700385683474e+03
-1.162597937781795508e+03
-1.167498368735936083e+03
-1.377535854636400018e+03
-1.427776001696765434e+03
-1.452643335760720447e+03
-1.485717013144024804e+03
-1.397991699174754785e+03
-1.324428725005889874e+03
-1.166866061628062653e+03
-1.448352359823365532e+03
-1.151378313604230016e+03
-1.146045810132779252e+03
-1.180739756081263295e+03
-1.478435005528485590e+03
-1.448832478606322638e+03
-1.409833909421921135e+03
-1.386962040166807583e+03
-1.420194116376089596e+03
-1.296202283337187055e+03
-1.419891635677539853e+03
-1.314326502888119876e+03
-1.190874140142781016e+03
-1.180898098822604652e+03
-1.272668785988459149e+03
-1.318569194758897311e+03
-1.186730670679509558e+03
-1.276677181367856292e+03
-1.374667800159604667e+03
-1.189206466042338889e+03
-1.371212370560295540e+03
-1.493199421173589599e+03
-1.400709766935249945e+03
-1.338215231227525692e+03
-1.105428704756417119e+03
-1.090275392809289087e+03
-1.339579149356981816e+03
-1.346094365583754779e+03
-1.043564225308964296e+03
-1.173585305175373605e+03
-1.343430631398609421e+03
-1.058260696124864808e+03
-1.335470071783338199e+03
-1.238070499017863767e+03
-1.207003557058895240e+03
-1.163054177451934038e+03
-1.225417520962829713e+03
-1.161850809682150384e+03
-1.322468044561700708e+03
-1.163582342681584350e+03
-1.144289745734967937e+03
-1.216657518008905754e+03
-1.337180589685479845e+03
-1.318799517198736112e+03
-1.345024015127954044e+03
-1.207366696790331844e+03
-1.330735798815403996e+03
-1.081462728541286197e+03
-1.131006138508135791e+03
-1.241594656276834712e+03
-1.118106740122297879e+03
-1.418015312638216528e+03
-1.197497404919036853e+03
-9.045467660644808348e+02
-1.287556555499132173e+03
-1.180108750057689576e+03
-1.152580640804523910e+03
-1.190695951958059823e+03
-1.190980929295699298e+03
-1.034023813524013349e+03
-1.033890335182282115e+03
-1.189744585397880655e+03
-1.162927479078550959e+03
-1.150759020665897651e+03
-1.137782651135623155e+03
-1.111817526912846006e+03
-1.038038317727661706e+03
-9.969616613118355417e+02
-7.434454399133827565e+02
-1.018046776521390711e+03
-8.875258970520162620e+02
-1.040280551167452359e+03
-1.084817776372599610e+03
-1.189941557242793579e+03
-1.140892738819909482e+03
-1.036799309622263308e+03
-1.131967350520079208e+03
-1.155013050468382971e+03
-1.183355994961400029e+03
-1.162474780908000639e+03
-1.032064379323050161e+03
-1.272385285484490169e+03
-1.189631066079406537e+03
-1.134977809425833357e+03
-1.263429806515487371e+03
-1.033028600037230717e+03
-1.119772587712772975e+03
-1.021147526971559273e+03
-9.813336370255707379e+02
-1.028191832864104072e+03
-1.020543326982550411e+03
-1.068443723785183010e+03
-1.063845802724027408e+03
-1.059478165010926432e+03
-1.023433869710711178e+03
-1.034093670645620250e+03
-1.005821815695643750e+03
-9.810225640356771919e+02
-1.162117951185362472e+03
-8.951290952372605716e+02
-8.969381580288575151e+02
-1.039889395315177126e+03
-1.297843962688420561e+03
-7.250905953009042832e+02
-9.966440616848599348e+02
-9.342021259491706360e+02
-1.160258740998272970e+03
-1.134518517349568356e+03
-1.163038329462790898e+03
-1.166454866627340607e+03
-1.094360898485790358e+03
-1.153088184025773444e+03
-1.029048558626834847e+03
-1.233162662298679606e+03
-1.187359300480353113e+03
-1.134332353712571148e+03
-1.002267205450282631e+03
-7.350510020415362078e+02
-1.101977685661368469e+03
-1.037721703416212677e+03
-9.127777802838818388e+02
-8.786423976838839280e+02
-7.667900156697146485e+02
-1.228852775613485619e+03
-9.065515350186643673e+02
-1.162377907870505396e+03
-1.174570698450955888e+03
-8.833062439088474775e+02
-1.122886661962376593e+03
-1.021913542584797142e+03
-1.166830307538800071e+03
-1.129534187496579989e+03
-1.149048233341031164e+03
-1.146883408790042267e+03
-1.175319653902148502e+03
-1.042520419081878117e+03
-9.511273884349271839e+02
-9.074636525586780635e+02
-1.003737075190710925e+03
-8.907744829234080726e+02
-1.117156857698615795e+03
-1.127036754672703410e+03
-1.178640175577828359e+03
-1.032257465292035249e+03
-1.214842182010581155e+03
-1.261550080120039183e+03
-1.189293899873113105e+03
-1.167159880685626149e+03
-1.179274536925740676e+03
-1.253440556536971371e+03
-1.298271847803930996e+03
-1.368304491365927106e+03
-1.018607573928324200e+03
-1.343502924301283429e+03
-1.320774396693817607e+03
-1.127975153746144315e+03
-1.269844343010194962e+03
-1.279931328631481165e+03
-1.157793076386904204e+03
-1.284831189536629154e+03
-1.173931785772796502e+03
-1.177430220915870223e+03
-1.187518771210932755e+03
-1.168627607568510484e+03
-1.077363752071175441e+03
-1.120057655054573161e+03
-1.171253330481958756e+03
-1.209002474864195619e+03
-1.255426533789587893e+03
-1.234930703110042487e+03
-1.061165759396119483e+03
-1.016984269348932457e+03
-1.220714757525770210e+03
-1.102982239336218527e+03
-1.098185551487996690e+03
-1.147316252719378099e+03
-1.159330609931064828e+03
-8.392318735136982468e+02
-1.110559855670674324e+03
-1.192387771876312627e+03
-1.155084221371278318e+03
-1.192141567237033314e+03
-1.194086834448664149e+03
-9.020379163489399161e+02
-1.161945587134608104e+03
-1.244869001752595295e+03
-1.307673235945266015e+03
-1.195237610546109181e+03
-1.160933434128004137e+03
-1.238282193588310520e+03
-1.198461751544674826e+03
-1.170334529405778312e+03
-1.180772467421577176e+03
-1.015956229588938641e+03
-1.035641523377244766e+03
-1.038248108645566390e+03
-1.108128221246855901e+03
-8.904860434535820559e+02
-1.033343798366758165e+03
-1.055121232583184110e+03
-1.152851523054462632e+03
-1.040329739497789205e+03
-1.168601116514507794e+03
-1.148950777570525588e+03
-1.254139872583408305e+03
-9.050170055425058990e+02
-1.134871524374096225e+03
-1.171317073324495823e+03
-1.095187382785324871e+03
-1.002877383674716157e+03
-1.154575867771692629e+03
-1.141766028588013342e+03
-1.164503642814340992e+03
-1.062789241025973297e+03
-6.470192680262583735e+02
-1.151508827484713038e+03
-1.134705381594093296e+03
-8.947854354481843302e+02
-1.155256012090433842e+03
-1.207259197845273775e+03
-1.163407042562870856e+03
-1.214130081502341227e+03
-1.023230006850139148e+03
-1.057942361841511911e+03
-1.067313726009307402e+03
-1.018702320577689079e+03
-9.360667139624798665e+02
-1.030057158574383266e+03
-7.919888260198848684e+02
-7.527339284127776864e+02
-7.691708376733295154e+02
-1.106469657035503360e+03
-1.126189640736008641e+03
-9.219945159975009119e+02
-1.016504548749251057e+03
-8.678243548228077771e+02
-8.939665756101876468e+02
-1.052693070810689505e+03
-1.041846076753073703e+03
-9.111787595770575763e+02
-1.228842757060161603e+03
-1.024815497786709557e+03
-1.012013337538450287e+03
-9.104235866269561939e+02
-1.302535437324574104e+03
-1.060839376224308580e+03
-7.299510040424812587e+02
-7.471168912398544535e+02
-1.064212644781766130e+03
-9.445377711325680821e+02
-1.071494581658237394e+03
-9.215261321268968686e+02
-1.108316991795938065e+03
-1.033623804773889560e+03
-1.028377767944305106e+03
-1.055549645312016082e+03
-7.770492938090646931e+02
-1.021630197737678486e+03
-1.050617711190607906e+03
-9.209267886186290752e+02
-1.070825140931176747e+03
-1.049418538297853274e+03
-1.159192118041655021e+03
-1.060719663628388389e+03
-1.018263668515593054e+03
-8.982014243140774852e+02
-7.675599693980138909e+02
-8.962850671971459633e+02
-1.016624098314363323e+03
-9.152756814579186084e+02
-9.140246164809841503e+02
-9.085773667385046792e+02
-8.939775148137845235e+02
-6.435798369508050882e+02
-6.354602378664816342e+02
-8.945242126111888865e+02
-7.616430403083685405e+02
-9.135211124467384707e+02
-8.987116715019902813e+02
-1.046231841730020278e+03
-1.094924803180042545e+03
-1.177788554158405987e+03
-1.212464109331824829e+03
-6.685467238185609631e+02
-1.145890516039285558e+03
-1.043843245389297408e+03
-1.025261900285624961e+03
-6.437347092982563481e+02
-7.594815514082139316e+02
-7.707338594543488171e+02
-9.026811753532000466e+02
-1.006413175309395342e+03
-6.435811149721776019e+02
-6.339195110899455585e+02
-6.307201622906063676e+02
-8.546147795792646775e+02
-7.580182387986524191e+02
-9.242854996594329577e+02
-7.732642569649402731e+02
-9.037356047289139269e+02
-1.182114350238717407e+03
-5.450970401742952163e+02
-6.374028167621066814e+02
-6.349204126953220566e+02
-6.352413875940058006e+02
-8.939747746590667248e+02
-9.512806135304679174e+02
-9.060900134791609162e+02
-9.891264131378102320e+02
-1.035392925981778262e+03
-1.124101919607341415e+03
-1.142124960344937335e+03
-8.042074692787415415e+02
-8.016943902966137330e+02
-9.322167338486833614e+02
-1.178997777704116061e+03
-9.018709239268182500e+02
-1.076072852247227729e+03
-1.042045861537708561e+03
-1.119005702270595748e+03
-9.501296835699453140e+02
-1.062798624052687728e+03
-1.033479444767231826e+03
-6.211013420699515564e+02
-6.490050108775523086e+02
-8.922620570506327340e+02
-8.942491077550647560e+02
-6.683841738372832424e+02
-6.476470710780624813e+02
-7.761275584193833765e+02
-7.419634224565800196e+02
-9.089625012403453184e+02
-1.042452736912368209e+03
-1.053661882183884700e+03
-1.074547117633796461e+03
-1.166807667434501127e+03
-1.046098495587813204e+03
-9.073749253017506362e+02
-1.082493872032481022e+03
-8.943884271941129782e+02
-8.064013336489864514e+02
-6.506023858495170771e+02
-8.821746997733223452e+02
-7.784825690292072977e+02
-8.995488896083802501e+02
-1.002542978782416299e+03
-9.013800015476165299e+02
-8.871636727669215361e+02
-1.091710197920402152e+03
-1.025110041522746315e+03
-9.919959355850400016e+02
-8.964861723181680873e+02
-7.776455999382204709e+02
-7.617256973340827244e+02
-8.981927731874540086e+02
-9.966210738968505893e+02
-1.058345765462120198e+03
-1.036534947531386933e+03
-1.066359144676106098e+03
-1.014612023601795727e+03
-1.012757348090737992e+03
-6.024886216972291777e+02
-6.815088204620610668e+02
-6.295212305372007222e+02
-7.863374233192273550e+02
-8.640498640753465907e+02
-1.026948713913241363e+03
-1.044952245584277307e+03
-1.129052268198325919e+03
-9.079729660842140220e+02
-1.058604988245559980e+03
-1.047280434465638336e+03
-1.040920546822300594e+03
-1.044820785939765301e+03
-1.040545307687187915e+03
-1.037884628433218722e+03
-1.085835247223611987e+03
-1.002449816526295649e+03
-1.007752793471190557e+03
-6.201012685396169672e+02
-7.882751478041863038e+02
-9.443005021814863085e+02
-9.201240796457836950e+02
-1.022527152125903285e+03
-6.487696337130380471e+02
-7.849211438680765696e+02
-8.942477118935825047e+02
-7.688665858504845119e+02
-6.237847417923450166e+02
-6.286155463542836515e+02
-1.041228928704694454e+03
-1.029086359817181574e+03
-1.136862501999286224e+03
-9.124555198747973463e+02
-9.143443688635333046e+02
-8.397205279499067956e+02
-9.052398602774204619e+02
-3.970083607036390845e+02
-7.867181958332648719e+02
-6.903537641127577444e+02
-7.572086237788619201e+02
-4.560377973794198283e+02
-4.975259519932821490e+02
-5.003341554592823286e+02
-6.281222915532251818e+02
-5.319306008462302771e+02
-5.382339820951451657e+02
-8.875778878181295113e+02
-8.234646840305980504e+02
-5.774269718311529687e+02
-6.142484924807597508e+02
-3.809088748345989757e+02
-5.502157575274079591e+02
-8.897793853330064167e+02
-8.877949385003208818e+02
-5.617941235092935131e+02
-5.011100006193202034e+02
-6.405554697640051245e+02
-6.438386073123182314e+02
-8.462741283821958405e+02
-9.280064707607904211e+02
-9.477615740224970295e+02
-1.020650700889900463e+03
-1.094178841987743226e+03
-1.045314007690154085e+03
-9.103878966082957049e+02
-1.026896034597059952e+03
-1.045477358803071184e+03
-1.036412233991601397e+03
-9.147257544669907929e+02
-7.848688908833786400e+02
-1.008576751694120389e+03
-7.916967322089811887e+02
-9.666638641929115465e+02
-7.892627465861572773e+02
-6.491386516131817643e+02
-6.135362383717637158e+02
-5.098855560372513196e+02
-5.065585916145357146e+02
-5.161507840875506190e+02
-5.575601913626554733e+02
-7.706264378302837486e+02
-5.286788169718083736e+02
-8.939023553673260949e+02
-1.034629201096611951e+03
-1.064389287172500190e+03
-9.221014709927361537e+02
-4.547855381484252462e+02
-1.386758727814898293e+02
-3.826389528026504649e+02
-5.251371010311853524e+02
-8.738244765734525572e+02
-1.022928218970358103e+03
-1.041984347288743948e+03
-7.376370191603571129e+02
-1.058589433418708722e+03
-1.070384503972733228e+03
-1.138375517788735351e+03
-9.262548976093463580e+02
-1.056568038501137153e+03
-1.043372492069824148e+03
-1.036976989356581953e+03
-1.146490681151749413e+03
-1.048075074467366221e+03
-8.525339022143995180e+02
-1.131558808035592619e+03
-9.830519332903932082e+02
-1.102607049022341243e+03
-1.094295265493803072e+03
-1.017811188536944314e+03
-9.193991269159989770e+02
-1.021146163394338032e+03
-7.328055410104253724e+02
-5.457654804764830487e+02
-7.693801156727251964e+02
-8.237292209496964688e+02
-8.032697182249221441e+02
-5.212513074024894877e+02
-9.019145939506405512e+02
-6.244522792110233240e+02
-6.001452973755125413e+02
-5.062857907126680175e+02
-7.444270364688013615e+02
-6.326186742807506107e+02
-5.689202744707181409e+02
-6.322969223793892297e+02
-3.868056852933493133e+02
-3.820603509386473320e+02
-3.753250058331333889e+02
-3.897752730216170107e+02
-5.112831256475865871e+02
-8.601622573320993297e+02
-3.766312897831111286e+02
-7.906137696806142685e+02
-7.998176075885885439e+02
-9.946357640357133505e+02
-1.038004172858418542e+03
-9.846501790089758970e+02
-1.031809384741801978e+03
-1.132141652269048564e+03
-1.064065496912690378e+03
-1.053209729736066265e+03
-9.841149469649390085e+02
-1.069343705389978140e+03
-6.631307578972051715e+02
-1.048653357301179994e+03
-1.041991113900624896e+03
-7.738400460989469138e+02
-1.048713742828148725e+03
-1.056730181941240062e+03
-1.037924199488268187e+03
-8.497785754359782686e+02
-6.309070397667902625e+02
-1.086307856404836684e+03
-9.676569679798453762e+02
-4.155035724976610823e+02
-9.444553308040947286e+02
-4.910844836951536081e+02
-9.251111525531829329e+02
-9.287573057457634604e+02
-2.596831761340286562e+02
-6.414010029268185917e+02
-4.478876849529256106e+02
-6.650379298347633039e+02
-6.974993778217170757e+02
-7.633497531074245899e+02
-6.215620672006238010e+02
-2.592334195291614378e+02
-5.000650509934840215e+02
-4.038351747050839435e+02
-7.602547274068937213e+02
-5.011321969332943240e+02
-7.827315713556010905e+02
-7.739126717403344173e+02
-8.013053139950628747e+02
-3.877620270953691488e+02
-5.257920453872354756e+02
-5.047279684072532859e+02
-9.290372085085434719e+02
-9.144100060400655821e+02
-3.817618378421316265e+02
-9.305067638351952155e+02
-9.180310414370627541e+02
-4.506797823527786022e+02
-5.332717171509942773e+02
-5.129583534791215698e+02
-6.280031052243955401e+02
-8.025336768362731164e+02
-7.856494188410667903e+02
-6.820218267165002999e+02
-9.496947318506325928e+02
-8.211426912206533189e+02
-6.352991819371037536e+02
-7.626880653660166445e+02
-3.890484277255280290e+02
-5.580366805879170897e+02
-2.580446421162972115e+02
-6.372363804380531747e+02
-5.143972745420776391e+02
-7.639794046211450222e+02
-6.176733983537064887e+02
-1.317310582672728856e+02
-7.618088759431493600e+02
-6.463385948393114404e+02
-6.398887986339092322e+02
-5.244703931584712109e+02
-5.081098545382140514e+02
-5.149223088671991491e+02
-7.091907575185124415e+02
-5.081161228598142543e+02
-3.887247801083917125e+02
-3.928156413117350212e+02
-6.403928420780197257e+02
-5.177031929675899846e+02
-6.669687413506455869e+02
-6.614030754516900288e+02
-3.803688370271727308e+02
-5.188910303848068679e+02
-3.869436264982329021e+02
-2.602256427492102375e+02
-3.831533665606657451e+02
-4.093871632432100114e+02
-3.852413969001385681e+02
-3.885818091687934839e+02
-3.918682194559718255e+02
-6.134194733334813918e+02
-6.419005133415694218e+02
-3.819682989659129930e+02
-6.858953231095615592e+02
-4.405001081856813130e+02
-5.138225111079185581e+02
-2.513631029908481196e+02
-3.828666582528276763e+02
-3.757459578420223920e+02
-5.210067331098871364e+02
-6.542548641635135027e+02
-1.277625321491238282e+02
-3.792447755650359795e+02
-6.971709515012159954e+02
-3.822501032664753211e+02
-3.882014170292408721e+02
-3.856804486239686867e+02
-2.634153444533432662e+02
-3.897251904315521642e+02
-2.548003837412184964e+02
-3.856768490498869824e+02
-3.826503328389011358e+02
-1.436262620011516162e+02
-1.350719170217818714e+02
-6.096999129981999204e+02
-3.756460340181488391e+02
-7.827952936422135508e+02
-6.292428483140972730e+02
-2.661272342209466046e+02
-2.550073717899154531e+02
-2.577393503051998209e+02
-5.113941361356938842e+02
-2.596174916639512844e+02
-2.543776211482674512e+02
-7.703289737502210528e+02
-6.172103227961345056e+02
-3.531929967280411642e+00
-5.240370840779529544e+02
-1.308405814843968074e+02
-5.019457392801907076e+02
-3.967014866930540506e+02
-3.908094141784703197e+02
-5.130480625266918651e+02
-9.083503663343532253e+02
-9.356018815598222318e+02
-2.462603037789308758e+02
-3.874614794864676810e+02
-1.341371387448006942e+02
-3.799171981658843151e+02
-1.329619301271620770e+02
-2.617825072192047173e+02
-2.501769227271223883e+02
-2.570601673772982849e+02
-3.888523226222660583e+02
-5.267607364593934562e+02
-8.701517122741364574e+00
-9.345892085251806520e+02
-1.076777524340809350e+03
-1.184161553004791358e+03
-1.212762713328272184e+03
-1.201548872405471229e+03
-9.329724857810720096e+02
-1.083725249726074935e+03
-1.091618950558191273e+03
-9.269258664743440477e+02
-3.800473013891284495e+02
-1.094729279566107380e+03
-1.174980865739216597e+03
-1.197137220905143749e+03
-1.198216456089478470e+03
-1.133412826656493280e+03
-1.034172359829044581e+03
-1.178781667551794044e+03
-3.703889438481217100e-01
-9.927535355699280899e+02
-1.066471014596707391e+03
-1.512417266730857648e+02
-3.918347643965183238e+02
-3.868904229856407255e+02
-5.192849703609072094e+02
-4.631254234505451564e+02
-2.600172166618382334e+02
-5.075188763723435272e+02
-4.090057556249520871e+02
-2.596535184686268849e+02
-2.565820065058404111e+02
-3.774198212977739786e+02
-5.185948367790282418e+02
-1.313116828668261746e+02
-3.691595305135792842e+02
-2.569566243380997435e+02
-2.652171581299020318e+02
-2.520810402445473812e+02
-4.340391517816094051e+02
-5.304562083528859375e+02
-5.268397413486488858e+02
-5.200368439566432244e+02
-4.708787540436333643e+02
-1.266770890492390151e+02
-4.339162261346407377e+02
-5.022543030887825921e+02
-2.477133547325652501e+02
-3.902137952439776427e+02
-3.928066887467801962e+02
-7.416615694550057469e+02
-1.340249712572089891e+02
-3.912823864910426437e+02
-3.922886631590102411e+02
-4.069865823773529123e-01
-5.155174249615350845e+02
-3.923045748520924008e+02
-5.055811252822735469e+02
-1.272489828354934644e+02
-1.290602849696418843e+02
-9.123366095588416602e-01
-5.071181440420592708e+02
-6.465631889686123941e+02
-3.888654666661162196e+02
-2.622040767862940811e+02
-2.515443472306819501e+02
-1.266047940163986709e+02
-4.135617399596107475e+02
-2.613541794665114253e+02
-3.726381698212908873e+02
-2.481267701043619525e+02
-3.919620978947527874e+02
-3.814800035829327385e+02
-9.359424153283167698e+02
-2.638649970261729436e+02
-3.871040181221096077e+02
-1.290222805562133317e+02
-4.956439715761356410e+02
-1.259255029656733882e+02
-3.833091166031818489e+02
-2.464727499453938986e+00
-5.145834333134620238e+02
-2.604142016608431618e+02
-5.509252931833237881e+02
-5.047524037714553629e+02
-1.320665987833446877e+02
-3.985944444258319095e+02
-1.285193824189596228e+02
-8.043238675999357383e+02
-1.322635955511459258e+02
-1.277197733138881830e+02
-1.265970814964788644e+02
-5.962028699903459961e-01
-4.217775341798508180e+02
-3.835232777517433647e+02
-3.856916859524955044e+02
-6.017669379548955533e-01
-2.544001569939584897e+02
-3.725911501516005160e+02
-2.542685567013999446e+02
-2.355135126199348505e+00
-1.270847858888443085e+02
-1.280647051799637666e+02
-3.801697057008073557e+02
-2.576353235112476909e+02
-7.726754611142451949e+02
-2.614687570812702688e+02
-2.572050672219313583e+02
-2.546671751079472870e+02
-4.780803209269015142e+00
-1.253236661713240352e+02
-2.656589840921128030e+02
-7.848149522636487063e+02
-3.860277198756292023e+02
-2.605202393168263484e+02
-6.343797120504149234e+02
-1.267337214775926100e+02
-4.481424495835003086e+02
-6.722859057960897644e+02
-6.124892231994117537e+02
-5.180258491999474302e+00
-5.191701674156520063e+00
-2.601419107898259995e+02
-6.306498211113597563e+02
-2.527161344658560438e+02
-3.645382476594659860e+00
-3.775433825906869174e+02
-2.567451271169733218e+02
-1.109241625583485158e+00
-1.275202030196475107e+02
-2.560337650491171075e+02
-5.009430631612739830e+02
-1.277631987764055310e+02
-3.824967953407767141e+02
-3.826131238184167387e+02
-2.523186896234946062e+02
-3.716639880557376046e+02
-3.812086558161173002e+02
-2.536443233943109874e+02
